471254
471256
471257
471258
471259
471260
471261
471262
471263
471264
471265
466218
466219
466221
466222
466223
466226
466227
466228
466229
408427
408428
408429
408431
408432
408434
408435
408436
408437
400596
400597
400599
400609
400610
400611
400612
391435
391436
391437
391439
391440
391441
391443
391444
391445
387549
387551
387552
387553
387554
387555
387557
392996
392997
392998
392999
393000
393001
393002
372191
372192
372193
372194
372196
372197
372198
364921
364922
364923
364925
364926
364927
364929
364930
364931
350374
350375
350376
350377
350378
350380
350381
350382
339859
339860
339877
339880
339881
339882
339884
339885
339886
339887
335996
335997
335998
335999
336010
336012
336013
336014
330217
330218
330219
330220
330221
330222
330223
330224
330225
330226
330227
330228
330229
329020
329021
329022
329023
329024
329026
329027
329028
329029
312841
312842
312843
312844
312846
312848
312850
312851
312852
299835
299836
299837
299838
299839
299840
299841
299842
295928
295942
295943
295944
295945
295947
295948
295950
295951
286503
286504
286505
286506
286508
286509
286510
286511
281577
281578
281579
281581
281582
281583
281584
275333
275334
275335
275336
275337
275338
275339
275340
267438
267439
267441
267442
267443
267444
267445
267446
259797
259798
259799
259800
259801
259802
259803
259804
259842
249734
249746
249758
249772
249778
249787
249792
249795
249801
249806
247949
247950
247951
247952
247953
247954
247955
247956
247957
247958
247960
247961
247962
247963
256873
256877
256878
256880
256883
256886
256887
256888
237978
237979
237980
237981
237982
237983
237984
237985
237986
236267
236269
236271
236272
236273
236274
236275
236276
229520
229532
229533
229534
229535
229536
229537
229538
222469
222470
222471
222472
222473
222474
222475
222476
222477
222478
222479
222480
222481
222482
214886
214888
214889
214890
214892
214894
214895
212418
212419
212420
212421
212422
212423
212424
212425
212426
212427
210393
210394
210395
210396
210397
210398
210399
210400
210402
210403
199605
199607
199608
199609
199610
199613
199614
199615
199616
199617
186359
186360
186361
186362
186363
186364
180068
180069
180070
180071
180072
180073
180074
180075
210353
210354
210355
210356
210358
210359
210360
210361
210362
210363
166668
166669
166670
166671
166672
166673
166674
166675
166676
161387
161388
161389
161391
161392
161393
161394
161395
161396
161397
156800
156801
156802
156804
149609
149610
149611
149612
149613
149614
149615
149617
149618
149619
149620
144771
144772
144774
144775
144776
144777
144778
144779
141577
141578
141579
141580
141581
141582
141583
141584
137476
137477
137478
137479
137480
137481
137482
137483
135787
135788
135789
135790
135791
135792
135793
135794
135795
126828
126829
126830
126831
126832
126833
126834
126835
127555
127556
127557
127558
127559
127560
127561
127562
127563
127564
127565
166643
166644
166645
166646
166647
166648
166649
166650
166651
166652
120349
120350
120351
120352
120353
120354
109660
109661
109662
109663
109664
109665
109666
109667
109668
109669
99258
99259
99260
99261
99262
99263
99264
90490
90491
90492
90493
90494
90495
90496
90497
83967
83968
83969
83970
83971
83972
83973
87361
87362
87363
87364
87365
87366
79398
79400
79401
79402
79403
79380
79381
79382
79383
76554
76555
76556
76557
76558
76559
76560
75524
75525
75526
75527
75528
75529
75530
75531
75532
75533
75534
75535
64744
64745
64746
64747
64748
64749
64750
64751
64752
64753
64716
64717
64720
64721
64722
64723
64724
64725
64726
64727
64729
64730
64731
61715
61716
61717
61718
61719
61720
61721
61722
61723
61724
60374
60375
60376
60377
60378
60379
60365
60366
60367
60368
60369
60370
60371
60372
57694
57695
57696
57700
57701
58880
58881
58882
58883
58884
58885
58886
58887
56239
56240
56241
56242
56243
56244
56245
56246
56247
56222
56223
56224
56225
56226
56227
56228
56229
54342
54343
54344
52908
52909
52910
52911
52912
52913
52914
52915
52916
52917
52918
52919
52887
52888
52889
52890
52891
52892
52893
52894
52895
46683
46684
46685
46686
46666
46667
46668
46669
46670
46671
41416
41417
41418
41419
41420
41397
41398
41399
41400
41401
41402
41403
41404
35918
35919
35920
35921
35922
35923
35508
35509
35510
35511
35512
35514
34690
34691
34692
34693
34694
31452
31453
31454
31455
29544
29545
29546
29547
29548
29535
29536
29537
29538
29539
29540
90460
90461
90462
90463
90471
20262
20263
20264
17648
17649
17650
17651
17652
17653
16721
16722
16723
16724
16725
16726
16727
16728
16729
16730
16731
16732
16733
16734
16735
16736
16737
16738
9133
9134
9135
9136
9137
9138
9139
9140
9141
9142
9143
9124
9125
9126
9127
9128
9129
9130
7663
7664
7665
7666
7667
7668
7669
7655
7656
7657
7658
7648
7649
7650
7651
7652
7641
7642
7643
7644
7645
456
457
458
459
449
450
451
452
453
441
442
443
444
982295
982296
434
435
436
437
438
425
426
427
428
429
430
417
418
419
420
421
422
1093506
1093507
1093508
1093509
1093515
1093514
1093513
1093510
1093518
1093517
1093516
1093511
1093512
1093520
1093500
1093504
1093497
1093492
1093493
1093495
1093483
1093466
1093471
1093468
1093464
1093472
1093476
1093469
1093470
1093694
1093695
1093680
1093689
1093688
1093697
1093675
1093657
1093673
1093674
1093672
1093666
1093676
