6194380
6194382
6194383
6194384
6194385
6194386
6194388
6194389
6194390
6194391
6194393
6194394
6194395
6194396
6194397
6178830
6178831
6178832
6178833
6178834
6178836
6178837
6178838
6178839
6178840
6178842
6178843
6178844
6178845
6178847
6163578
6163579
6163580
6163581
6163582
6163583
6163585
6163586
6163587
6163588
6163590
6163591
6163592
6163594
6163595
6146481
6146482
6146483
6146484
6146485
6146486
6146487
6146489
6122528
6122529
6122530
6122531
6122533
6122534
6122535
6122536
6122537
6122539
6122540
6122541
6122542
6122543
6122544
6093997
6094003
6094004
6094005
6094006
6094008
6094009
6094010
6094011
6094013
6094014
6094015
6094017
6094018
6069700
6069707
6069708
6069709
6069710
6069711
6069713
6069714
6069715
6069717
6069718
6069719
6069720
6069721
6035816
6035818
6035819
6035820
6035821
6035823
6035824
6035825
6035826
6035827
6011732
6011733
6011734
6011735
6011737
6011738
6011739
6011741
6011742
6011743
6011744
6011746
5978412
5978413
5978414
5978416
5978417
5978418
5978419
5978420
5978421
5978422
5978424
5978425
5978426
5978427
5936152
5936153
5936154
5936155
5936156
5936157
5936159
5936160
5936161
5936162
5936164
5936165
5936166
5936167
5783982
5783983
5783984
5783985
5783986
5783987
5783988
5783989
5783991
5783992
5783993
5783994
5762795
5762798
5762799
5762800
5762801
5762802
5762804
5762805
5762807
5762808
5741139
5741143
5741144
5741145
5741146
5741147
5741148
5741150
5741151
5741152
5741153
5741155
5741156
5741157
5741158
5723797
5723798
5723799
5723800
5723802
5723803
5723804
5723805
5723806
5723808
5723809
5723810
5706298
5706308
5706309
5706310
5706311
5706312
5706313
5706314
5706315
5706316
5706317
5706318
5706319
5681011
5681012
5681013
5681014
5681015
5681017
5681018
5681019
5681020
5681021
5681022
5681023
5681024
5681026
5681027
5673068
5673069
5673070
5673071
5673072
5673073
5673074
5673076
5673077
5673078
5673079
5673081
5673082
5673083
5621959
5621965
5621967
5621968
5621969
5621970
5621972
5621973
5621975
5621976
5594668
5594669
5594677
5594678
5594679
5594680
5594681
5594683
5594684
5594685
5594686
5594687
5560579
5560586
5560587
5560588
5560589
5560591
5560592
5560593
5560594
5560595
5560597
5560598
5560599
5534584
5534586
5534587
5534588
5534589
5534590
5534591
5534593
5534594
5534595
5534596
5534597
5534599
5496871
5496875
5496876
5496877
5496878
5496879
5496880
5496881
5496883
5496884
5496885
5496886
5496888
5496889
5473860
5473861
5473862
5473864
5473865
5473866
5473867
5473868
5473869
5473870
5473872
5473873
5473874
5458356
5458363
5458364
5458365
5458366
5458368
5458369
5458370
5458371
5458372
5458373
5439073
5439074
5439075
5439076
5439077
5439078
5439080
5439081
5439082
5439083
5439084
5439085
5434368
5434374
5434375
5434376
5434377
5434378
5434379
5434380
5434382
5402659
5402662
5402663
5402664
5402665
5402666
5402668
5402669
5402670
5402671
5402673
5394021
5394026
5394027
5394028
5394030
5394031
5394032
5394033
5394034
5394035
5394036
5394037
5350362
5350363
5350364
5350366
5350367
5350368
5350370
5350371
5350372
5350373
5350374
5350376
5350377
5350378
5307458
5307460
5307465
5307466
5307467
5307468
5307469
5307471
5307472
5307473
5307474
5307475
5307476
5273804
5273807
5273808
5273809
5273810
5273811
5273813
5273814
5273815
5273817
5273818
5273819
5273820
5273821
5277448
5277454
5277455
5277456
5277458
5277459
5277460
5277461
5277462
5277463
5277464
5277465
5181889
5181890
5181891
5181892
5181893
5181895
5181896
5181897
5181898
5181899
5181900
5181901
5183468
5183469
5183470
5183471
5183472
5183473
5183474
5183475
5183476
5183477
5183478
5183479
5116792
5116793
5116794
5116799
5116800
5116801
5116802
5116803
5116805
5116806
5116807
5116808
5116809
5116810
5116811
5116812
4939275
4939276
4939277
4939278
4939279
4939281
4939282
4939283
4939284
4939285
4939287
4939288
4907397
4907399
4907406
4907407
4907408
4907409
4907410
4907411
4907413
4907414
4907415
4907416
4907417
4804377
4804378
4804384
4804385
4804386
4804387
4804388
4804391
4804392
4804393
4804394
4804395
4785372
4785378
4785379
4785380
4785381
4785382
4785383
4785384
4785385
4785387
4785388
4785389
4785390
4785391
4752668
4752669
4752674
4752675
4752676
4752677
4752678
4752679
4752681
4752682
4752683
4752684
4752686
4752687
4752689
4752688
4689198
4689199
4689204
4689205
4689206
4689207
4689208
4689209
4689210
4689211
4689212
4689213
4689214
4689215
4689216
4689217
4689218
4689241
4689242
4689243
4689244
4689245
4689246
4689247
4689248
4689249
4689250
4689251
4689252
4689253
4689254
4689255
4644117
4644118
4644119
4644120
4644121
4644122
4644123
4644124
4644125
4644126
4644127
4644128
4644129
4644130
4644131
4644132
4644133
4623705
4623707
4623708
4623709
4623710
4623711
4623712
4623713
4623714
4623715
4623716
4623717
4623718
4623719
4597095
4597099
4597100
4597101
4597102
4597103
4597104
4597105
4597106
4597107
4597108
4597109
4597110
4597111
4597112
4597113
4557040
4557041
4557042
4557043
4557044
4557045
4557047
4557048
4557049
4557050
4557052
4557053
4557054
4557056
4539459
4539465
4539466
4539467
4539468
4539470
4539471
4539472
4539473
4539474
4539475
4539476
4539477
4511639
4511646
4511649
4511650
4511651
4511652
4511653
4511654
4511655
4511656
4511657
4511658
4511659
4481334
4481337
4481338
4481339
4481340
4481341
4481342
4481343
4481344
4481345
4481346
4481347
4481348
4481349
4481350
4481351
4481352
4463761
4463763
4463764
4463768
4463769
4463770
4463771
4463772
4463773
4463774
4463775
4463776
4463777
4463778
4463779
4463780
4463781
4473071
4473072
4473082
4473083
4473084
4473086
4473087
4473088
4427227
4427228
4427229
4427231
4427232
4427233
4427235
4427236
4427237
4427238
4427239
4427240
4427241
4427242
4427243
4395354
4395355
4395356
4395357
4395361
4395362
4395363
4395364
4395365
4395366
4395367
4395368
4395369
4395370
4395371
4395372
4395373
4395374
4395375
4395376
4378314
4378316
4378317
4378318
4378320
4378321
4378323
4378324
4378325
4378326
4378327
4378328
4378329
4342813
4342815
4342816
4342822
4342823
4342824
4342825
4342826
4342827
4342828
4342829
4342830
4342831
4342832
4342833
4342843
4342845
4342851
4342853
4342854
4342855
4342856
4342857
4342858
4342859
4342860
4342861
4342862
4342863
4290303
4290304
4290305
4290306
4290310
4290311
4290312
4290313
4290314
4290315
4290316
4290317
4290318
4290319
4290320
4290321
4290322
4290323
4268275
4268279
4268280
4268281
4268282
4268283
4268284
4268286
4268287
4268288
4268289
4268290
4268292
4268294
4251061
4251062
4251064
4251068
4251069
4251070
4251071
4251072
4251073
4251074
4251075
4251076
4251077
4251078
4251079
4251080
4251081
4197705
4197706
4197714
4197715
4197717
4197718
4197719
4197720
4197721
4197722
4197723
4197725
4197726
4156118
4156119
4156120
4156121
4156122
4156123
4156124
4156125
4149649
4149650
4149654
4149655
4149656
4149657
4149658
4149659
4149660
4149661
4149662
4149663
4149664
4149665
4149666
4149667
4149668
4149669
4149670
4150552
4150553
4150554
4150555
4150558
4150560
4150562
4150563
4150564
4150565
4150568
4150569
4150570
4150571
4150572
4150573
4150574
4105863
4105866
4105869
4105870
4105871
4105872
4105873
4105874
4105875
4105876
4105877
4105879
4105880
4105881
4105882
4105883
4105884
4064616
4064617
4064620
4064621
4064622
4064623
4064624
4064625
4064626
4064627
4064628
4064629
4064630
4064631
4064632
4064633
4064634
4064635
4064636
4064637
4050091
4050092
4050095
4050096
4050097
4050098
4050099
4050100
4050101
4050102
4050103
4050104
4050105
4050106
4050107
4050108
4050109
4050110
4050111
4014467
4014471
4014472
4014473
4014474
4014475
4014476
4014477
4014478
4014479
4014480
4014481
4014482
4014483
4014484
4014485
4014486
4014487
1710404
1710409
1710410
1710411
1710412
1710413
1710414
1710415
1710416
1710417
1710418
1710420
1710421
1710422
1710423
1710424
1710425
1705973
1705975
1705976
1705977
1705978
1705979
1705981
1705982
1705983
1705984
1705985
1705986
1705987
1705988
1678101
1678106
1678107
1678108
1678109
1678110
1678111
1678112
1678113
1678114
1678115
1678116
1678117
1678118
1678119
1678120
1668440
1668374
1668377
1668378
1668379
1668380
1668381
1668382
1668384
1668385
1668386
1668387
1668388
1668389
1668390
1668391
1668404
1668405
1668408
1668409
1668413
1668417
1668418
1668419
1668420
1668421
1668422
1668424
1668425
1668426
1668427
1668428
1637935
1637936
1637937
1637942
1637943
1637944
1637945
1637946
1637947
1637948
1637949
1637950
1637951
1637952
1637953
1637954
1637955
1637956
1637957
1632640
1632641
1632642
1632644
1632646
1632647
1632648
1632649
1632650
1632651
1632652
1632653
1632654
1632655
1632656
1632657
1632658
1632659
1632660
1632661
1607854
1607855
1607861
1607863
1607864
1607865
1607866
1607867
1607868
1607869
1607870
1607871
1607872
1607873
1607874
1607875
1607876
1593543
1593544
1593545
1593546
1593548
1593549
1593550
1593551
1593552
1593553
1580922
1580923
1580928
1580929
1580930
1580931
1580932
1580933
1580934
1580935
1580936
1580937
1580938
1580939
1580940
1580941
1580942
1580943
1561918
1561919
1561920
1561921
1561924
1561925
1561926
1561928
1561929
1561930
1541683
1541693
1541694
1541695
1541696
1541697
1541698
1541699
1541701
1541702
1541703
1541705
1522117
1522120
1522122
1522123
1522124
1522126
1522127
1522128
1522129
1522131
1522132
1522133
1522134
1522136
1522137
1522138
1509963
1509966
1509967
1509968
1509970
1509971
1509972
1509973
1509974
1509975
1509976
1497545
1497546
1497549
1497550
1497551
1497552
1497553
1497554
1497555
1497556
1497557
1497558
1497559
1497560
1497561
1497562
1497564
1470781
1470797
1470802
1470804
1470807
1470810
1470813
1470815
1470816
1470819
1470824
1470827
1470830
1470831
1470834
1470836
1470838
1452823
1452824
1452828
1452829
1452830
1452831
1452832
1452834
1452835
1452836
1452837
1453410
1453413
1453417
1453419
1453420
1453421
1453424
1453425
1453426
1453427
1453428
1453429
1453430
1453431
1453432
1421895
1421899
1421900
1421901
1421902
1421903
1421904
1421905
1421906
1421907
1421910
1421912
1421913
1421914
1404581
1404591
1404592
1404593
1404594
1404595
1404596
1404598
1404599
1404600
1404601
1404603
1391490
1391498
1391499
1391500
1391503
1391504
1391505
1391506
1391507
1391508
1391509
1391510
1381870
1381871
1381872
1381873
1381874
1381875
1381876
1381877
1381878
1381879
1381880
1381881
1381882
1367552
1367553
1367554
1367555
1367557
1367558
1367559
1367560
1367561
1367562
1367563
1362545
1362546
1362547
1362548
1362550
1362551
1362552
1341258
1341259
1341260
1341261
1341262
1341263
1341264
1341265
1341266
1341267
1341268
1341269
1341270
1341272
1341273
1341274
1336718
1336719
1336720
1336721
1336722
1336723
1336724
1336725
1336726
1336727
1336728
1336729
1355878
1321381
1321382
1321383
1321385
1321386
1316521
1316522
1316526
1316528
1316529
1316530
1316532
1316533
1316535
1299334
1299335
1299337
1284925
1284926
1284928
1284929
1284930
1284931
1284933
1284935
1273764
1273768
1273769
1273770
1273771
1273774
1273776
1273777
1273778
1273779
1273781
