9161989
9161990
9161991
9161992
9161994
9161995
9161996
9161997
9161998
9161999
9162000
9162001
9141208
9141210
9141211
9141212
9141213
9141214
9141215
9141216
9141218
9141219
9141220
9141221
9141222
9112736
9112737
9112738
9112739
9112742
9112743
9112744
9112745
9112747
9112748
9112749
9071984
9071985
9071986
9071987
9071988
9071991
9071992
9071993
9071995
9071996
9040256
9040257
9040258
9040260
9040261
9040262
9040264
9040265
9040266
9040267
9040268
8999421
8999422
8999423
8999425
8999426
8999427
8999428
8999430
8999431
8999432
8999433
8999434
8999435
8970160
8970161
8970162
8970163
8970164
8970165
8970167
8970168
8970169
8970170
8970171
8970172
8970173
8961912
8910627
8930819
8930820
8930821
8930822
8930824
8930825
8930826
8930827
8930829
8930830
8930831
8869706
8869704
8869703
8908545
8908546
8908547
8908548
8908549
8908550
8908551
8908552
8908553
8908554
8908557
8908558
8908559
8908560
8908561
8875707
8875708
8875709
8875710
8875712
8875714
8875715
8875716
8875717
8875719
8875720
8875721
8847219
8847220
8847221
8847223
8847224
8847225
8847226
8847227
8847228
8847231
8847232
8847233
8847234
8847235
8808155
8808156
8808157
8808158
8808160
8808161
8808162
8808164
8808165
8808167
8808168
8767073
8767074
8767075
8767076
8767077
8767078
8767079
8767080
8767084
8767085
8767086
8722595
8740787
8740788
8740789
8740790
8740791
8740792
8740795
8740796
8740797
8740798
8694793
8722593
8722597
8663968
8713796
8648449
8713797
8713798
8713800
8713801
8713802
8713803
8713804
8713806
8713807
8703459
8703460
8703461
8703462
8703464
8703465
8703467
8703468
8703469
8703470
8703471
8663985
8663987
8663988
8663989
8663990
8663992
8663993
8663994
8663995
8663996
8663997
8663998
8663999
8664000
8642801
8647106
8647107
8647108
8647110
8647111
8647112
8647113
8647115
8647116
8647117
8647118
8647119
8613268
8613269
8613270
8613271
8613274
8613275
8613276
8613277
8594705
8535088
8594707
8613280
8570034
8570036
8570037
8570038
8570039
8570040
8570041
8570042
8515680
8535091
8570043
8535089
8469810
8535090
8469808
8539015
8539016
8539017
8539018
8539019
8539021
8539023
8539024
8539025
8539026
8539027
8469812
8539028
8466349
8466350
8466351
8466353
8466354
8466355
8466356
8466357
8466358
8466359
8466360
8466361
8466363
8466364
8436039
8436040
8436041
8436042
8436043
8436044
8436046
8436047
8436049
8436050
8436051
8436052
8436053
8419172
8419173
8419174
8419176
8419177
8419178
8419179
8419180
8419181
8419184
8419185
8419186
8419187
8419188
8387197
8387198
8387199
8387200
8387201
8387202
8387203
8387204
8387205
8387206
8387207
8387210
8387211
8360846
8360847
8360848
8360849
8360850
8360851
8360852
8360853
8360855
8360856
8360857
8360858
8337890
8337891
8337892
8337893
8337895
8337896
8337897
8337899
8337900
8337901
8337902
8337903
8337905
8316581
8316582
8316763
8316764
8316765
8316767
8316768
8316769
8316772
8316773
8316774
8316775
8316776
8316777
8291109
8291110
8291111
8291112
8291113
8291114
8291115
8291116
8291118
8291120
8291121
8291122
8291124
8255732
8255733
8255734
8255735
8255736
8255737
8255738
8255739
8255740
8255743
8255744
8255745
8198796
8198797
8198798
8198799
8198800
8198802
8198803
8198805
8198806
8198807
8198808
8198809
8114542
8114543
8114544
8114545
8114546
8114547
8114548
8114550
8114552
8114554
8114555
8114556
8114557
8067677
8067679
8067680
8067681
8067684
8067685
8067687
8067688
8067689
8067690
8067692
8030479
8030481
8030482
8030483
8030484
8030485
8030486
8030489
8030491
8030492
8030493
8004148
8004149
8004150
8004151
8004152
8004153
8004155
8004157
8004158
8004159
8004160
8004161
7981518
7981519
7981520
7981521
7981522
7981523
7981525
7981526
7981527
7981530
7981531
7981532
7981533
7945848
7945849
7945850
7945851
7945852
7945853
7945855
7945856
7945857
7945858
7945860
7946928
7926913
7926914
7926915
7926916
7926917
7926918
7926920
7926921
7926922
7926923
7926924
7901470
7901471
7901472
7901473
7901474
7901475
7901477
7901479
7901480
7901481
7901482
7901483
7876851
7876852
7876954
7876955
7876956
7876957
7876959
7876960
7876962
7876963
7876964
7876965
7841466
7841467
7841468
7841469
7841470
7841472
7841473
7842415
7842416
7842417
7842418
7842419
7823333
7823334
7823335
7823336
7823337
7823338
7823339
7823340
7823342
7823343
7823344
7786104
7786106
7786107
7786108
7786109
7786110
7786112
7786113
7786114
7786115
7786116
7786117
7786118
7785883
7785885
7785887
7785888
7785890
7785892
7744804
7744805
7744806
7744807
7744808
7744809
7744812
7744813
7744815
7744816
7744817
7744818
7588224
7588225
7588226
7588227
7588228
7588229
7588230
7588231
7588232
7588274
7588275
7588276
7588277
7588278
7588279
7588280
7588281
7565182
7565183
7565184
7565185
7565186
7565187
7565189
7565190
7565191
7565192
7565254
7565255
7565256
7565257
7565258
7565259
7537172
7537173
7537174
7537175
7537176
7537177
7537178
7537179
7537180
7537181
7537182
7537183
7537185
7537186
7537187
7537188
7537189
7509369
7509374
7509375
7509376
7509377
7509379
7509380
7509381
7509382
7509383
7509384
7509386
7509387
7509388
7509389
7497761
7497762
7497763
7497764
7497765
7497766
7497768
7497769
7497770
7497771
7498093
7498094
7498095
7498096
7498098
7498099
7470932
7470933
7470934
7470935
7470936
7470937
7470939
7470940
7470941
7470942
7470944
7470945
7470946
7470947
7470948
7452261
7452262
7452263
7452264
7452265
7452266
7452267
7452269
7452270
7452271
7452272
7452273
7452274
7452275
7452276
7452277
7452278
7432142
7432143
7432144
7432145
7432147
7432148
7432149
7432151
7432152
7432153
7432154
7432155
7432156
7432157
7402258
7402259
7402260
7402261
7402263
7402264
7402265
7402266
7402268
7402269
7402270
7402271
7402272
7402273
7402274
7378420
7378421
7378422
7378423
7378424
7378425
7378427
7378428
7378429
7378430
7378432
7378433
7378434
7378435
7378437
7378438
7321965
7321966
7321967
7321968
7321970
7321971
7321972
7321973
7321974
7321975
7321976
7321977
7321979
7321980
7321981
7321982
7295459
7295460
7295461
7295462
7295463
7295465
7295466
7295467
7295468
7295469
7295470
7295471
7295472
7295474
7295475
7295476
7263342
7263343
7263344
7263345
7263346
7263347
7263349
7263350
7263351
7263352
7263353
7263355
7263356
7263357
7180506
7180507
7180508
7180509
7180510
7180511
7180512
7180514
7180515
7180516
7180517
7180519
7180520
7158261
7158262
7158263
7158264
7158265
7158266
7158268
7158269
7158270
7158271
7158272
7158273
7158274
7158275
7158277
7158278
7120011
7120012
7120013
7120014
7120015
7120016
7120017
7120018
7120019
7120020
7120021
7120022
7120023
7120024
7120025
7120026
7120028
7120029
7105639
7105640
7105641
7105642
7105643
7105644
7105645
7105647
7105648
7105649
7105650
7105651
7105652
7105653
7081071
7081072
7081073
7081074
7081075
7081076
7081078
7081079
7081080
7081081
7081082
7081083
7081084
7081085
7081086
7081087
7060477
7060478
7060479
7060480
7060481
7060482
7060484
7060485
7060486
7060487
7060488
7060490
7060491
7060492
7060493
7045388
7045389
7045390
7045391
7045392
7045393
7045394
7045396
7045397
7045398
7045399
7045400
7045402
7045403
7045404
7045405
7010511
7010512
7010513
7010514
7010515
7010516
7010517
7010518
7010519
7010521
7010522
7010523
7010524
7010525
7010526
7010527
7010528
7010529
6979947
6979948
6979949
6979950
6979951
6979953
6979954
6979955
6979956
6979957
6979959
6979960
6979962
6979963
6979964
6957139
6957140
6957141
6957142
6957143
6957145
6957146
6957147
6957148
6957150
6957151
6957152
6957153
6957154
6957155
6917397
6917398
6917399
6917401
6917402
6917403
6917404
6917406
6917407
6917408
6917410
6917411
6917412
6917414
6894448
6894449
6894450
6894451
6894453
6894454
6894455
6894456
6894457
6894459
6894460
6894461
6894463
6894464
6894465
6871665
6871666
6871667
6871668
6871669
6871670
6871672
6871673
6871674
6871675
6871676
6871677
6871679
6871680
6852078
6852079
6852080
6852081
6852082
6852083
6852085
6852086
6852087
6852088
6852089
6852091
6852092
6852093
6852094
6852095
6852096
6829940
6829941
6829942
6829943
6829944
6829945
6829946
6829947
6829948
6829950
6829951
6829952
6829953
6829954
6829955
6829956
6829957
6815890
6815891
6815892
6815893
6815894
6898939
6815896
6815897
6815898
6815900
6815901
6815902
6815903
6815904
6815906
6815907
6807943
6807944
6807945
6807946
6807947
6807948
6807949
6807950
6807952
6807953
6807955
6807956
6807957
6807958
6807959
6828880
6766080
6766081
6766082
6766083
6766084
6766086
6766087
6766088
6766089
6766091
6766092
6766093
6736739
6736740
6736741
6736743
6736745
6736746
6736747
6736748
6736749
6736750
6736751
6736752
6710061
6710062
6710063
6710064
6710065
6710066
6710067
6710069
6710070
6710071
6710072
6710073
6710075
6710076
6710077
6685754
6685755
6685756
6685757
6685758
6685759
6685761
6685762
6685763
6685764
6685766
6658648
6658649
6658650
6658651
6658653
6658654
6658655
6658656
6658658
6658659
6658660
6658662
6658663
6619563
6619564
6619565
6619566
6619567
6619569
6619570
6619571
6619572
6619574
6619575
6588646
6588647
6588648
6588649
6588650
6588652
6588653
6588654
6588655
6588656
6588657
6588659
6588660
6588661
6588662
6576335
6576336
6576337
6576338
6576339
6576340
6576342
6576343
6576344
6576345
6576346
6576348
6576349
6553675
6553676
6553677
6553678
6553679
6553681
6553682
6553683
6553684
6553686
6553687
6553688
6553689
6553690
6525591
6525592
6525593
6525594
6525595
6525596
6525598
6525599
6525600
6525601
6525602
6525603
6525604
6525605
6525606
6515045
6515046
6515047
6515048
6515049
6515050
6515052
6515053
6515054
6515056
6515057
6515058
6495756
6495757
6495758
6495759
6495760
6495762
6495763
6495764
6495765
6495767
6495768
6495769
6476861
6476862
6476863
6476864
6476865
6476866
6476867
6476868
6476870
6476871
6476872
6476873
6476874
6461175
6461183
6461184
6461185
6461186
6461187
6461189
6461190
6461191
6461192
6461193
6400434
6400435
6400436
6400437
6400438
6400439
6400441
6400442
6400443
6400444
6400445
6400446
6400447
6400448
6400449
6400450
6384447
6384448
6384449
6384450
6384451
6384452
6384454
6384455
6384456
6384457
6384459
6384460
6384461
6384463
6384464
6353679
6353680
6353681
6353682
6353683
6353684
6353686
6353687
6353688
6353689
6353690
6353691
6353693
6316774
6316775
6316776
6316777
6316778
6316780
6316781
6316782
6316784
6316785
6316786
6316787
6316788
6295708
6295709
6295710
6295711
6295713
6295714
6295715
6295716
6295717
6295719
6295720
6295721
6295722
6295723
6257522
6257523
6257524
6257525
6257526
6257527
6257528
6257530
6257531
6257532
6257533
6257534
6257535
6257537
6257538
6231272
6231276
6231277
6231278
6231279
6231280
6231282
6231283
6231284
6231285
6231286
6231288
6231289
6231290
6231291
6211483
6211484
6211485
6211486
6211487
6211489
6211490
6211491
6211492
6211494
6211495
6211496
6211498
6231284
6231285
6231286
6231288
6231289
6231290
6231291
6211483
6211484
6211485
6211486
6211487
6211489
6211490
6211491
6211492
6211494
6211495
6211496
6211498
