1267080
1267095
1267096
1267097
1267100
1267102
1262156
1262157
1262158
1262160
1262161
1262162
1262163
1262164
1262165
1262166
1262167
1262168
1262169
1262170
1262171
1262172
1252796
1252797
1252798
1252799
1252800
1252801
1252802
1252803
1252804
1252805
1244922
1244923
1244924
1244925
1244926
1244927
1244928
1244929
1244930
1244931
1244933
1244934
1244935
1235591
1235592
1235593
1235594
1235595
1235596
1235597
1235598
1235599
1235600
1235601
1235602
1235603
1235604
1235605
1232232
1232233
1232234
1232235
1232236
1232237
1232238
1232240
1232241
1232242
1232243
1232245
1232246
1232247
1232248
1232249
1222708
1222715
1222716
1222717
1222718
1222720
1222721
1222722
1222723
1222725
1222726
1222727
1222728
1222729
1222731
1222732
1222734
1222738
1215636
1215637
1215638
1215639
1215640
1215641
1215642
1215643
1215644
1215645
1215646
1215647
1215648
1215649
1215650
1215651
1215652
1204745
1204746
1204747
1204748
1204749
1204750
1204751
1204752
1204753
1204754
1204756
1204757
1204758
1204759
1204760
1200099
1200101
1200102
1200103
1200104
1200105
1200106
1200107
1200108
1200109
1200110
1200111
1200112
1200113
1200114
1193971
1193972
1193973
1193974
1193975
1193976
1193977
1193978
1193979
1193980
1193981
1193982
1193983
1193984
1193985
1186541
1186542
1186544
1186545
1186546
1186547
1186548
1186549
1186550
1186551
1186552
1186553
1186554
1186555
1186557
1186558
1186559
1186560
1179490
1179491
1179493
1179494
1179495
1179496
1179497
1179556
1179557
1179558
1179559
1179560
1179561
1179562
1179563
1179564
1179565
1191768
1166650
1166651
1166652
1166653
1166654
1166655
1166657
1166658
1166659
1166661
1166662
1166664
1166665
1166666
1166668
1166669
1166671
1166672
1106152
1106156
1106157
1106158
1106159
1106160
1106161
1106162
1106163
1106164
1106165
1106166
1106167
1046991
1046992
1046993
1046994
1046995
1046996
1046998
1046999
1047000
1047001
1047002
1047003
1047004
1039856
1039857
1039858
1039859
1039860
1039862
1039863
1039864
1039865
1039866
1039867
1039868
1031825
1031826
1031827
1031828
1031830
1031831
1031832
1031833
1031834
1031835
1031836
1031837
1031838
1031839
1031840
1031841
1031842
1024409
1024410
1024411
1024413
1024414
1024415
1024416
1024418
1024419
1024420
1024421
1024422
1024423
1024424
1018004
1018006
1018007
1018008
1018009
1018010
1018011
1018012
1018013
1018014
1018015
1018016
1018017
1018018
1007408
1007409
1007410
1007411
1007412
1007414
1007415
1007416
1007417
1007418
1007419
1007420
1007421
1007422
1000207
1000212
1000213
1000215
1000216
1000217
1000218
1000219
1000220
1000222
1000223
1000224
1000225
1000226
1000229
1000230
1000231
1006967
1006968
1006969
1006970
1006972
1006973
1006976
1006977
1006979
1006980
1006981
1006982
1006983
1006984
1006971
995850
995851
995852
995853
995854
995856
995857
995858
995859
995860
995861
995862
995863
995864
995865
989729
989756
989760
989762
989763
989764
989768
989769
989771
989773
989774
989777
989779
989781
989782
989783
983908
983910
983911
983912
983913
983914
983915
983917
983918
983919
983920
983921
983922
983923
983924
983925
978045
978046
978047
978048
978049
978050
978051
978052
978053
978054
978055
978056
978058
978059
978060
978061
978062
968806
968807
968810
968811
968812
968813
968814
968816
968817
968818
968819
968820
968822
968823
968824
968825
965353
965356
965357
965360
965361
965362
965363
965364
965365
965366
965367
965368
965369
965370
965371
965372
965373
965374
965375
965376
965377
956096
956103
956108
956111
956112
956113
956114
956115
956116
956117
956118
956119
956120
956121
956122
956123
956124
956125
956126
948379
948380
948381
948382
948383
948384
948385
948386
948402
948404
948408
948410
948412
948415
948417
948420
948422
948897
940033
940034
940036
940038
940039
940041
940043
940045
940048
940051
940053
940055
952928
952929
952930
933428
933429
933430
933434
933435
933436
933437
933438
933439
933440
933441
933442
933443
933444
933445
933446
933447
933449
933450
933451
933452
933453
925665
925669
925670
925671
925672
925673
925674
925675
925676
925677
925678
925679
925680
925681
925682
925683
925684
925685
925686
925687
925688
920858
920859
920860
920861
920862
920863
920864
920865
920866
920867
920868
920869
920870
920871
920872
920873
917503
917504
917505
917506
917507
917508
917509
917510
917511
917512
917513
917514
917515
917516
917517
910597
910598
910599
910600
910601
910602
910603
910604
910605
910606
910607
910608
910609
900635
900636
900637
900638
900640
900641
900642
900643
900644
900647
900648
900649
900650
894376
894377
894378
894379
894380
894381
894382
894383
894384
894385
894386
894388
894389
894390
888259
888260
888261
888262
888263
888264
888265
888266
888267
888268
888269
883490
883491
883492
883493
883494
883495
883496
883497
883498
883500
883501
883502
883503
874969
874970
874971
874972
874973
874974
874975
874976
874977
874978
874979
874980
874981
874982
874983
874984
874985
868147
868148
868149
868150
868152
868153
868154
868155
868156
868157
868158
860855
860856
860857
860858
860859
860860
860861
860863
860864
860866
860867
860868
852030
852032
852033
852034
852035
852036
852038
852039
852040
852041
852042
852044
846077
846078
846079
846080
846081
846083
846084
846085
846086
846087
846088
846089
846090
846091
846092
841827
841828
841829
841830
841831
841832
841833
841834
841836
841837
841838
841839
841840
841841
841843
841844
833556
833557
833558
833559
833560
833561
833562
833564
833566
833567
833568
833569
833570
825643
825644
825645
825646
825647
825648
825649
825650
825651
825652
825653
825654
825655
867844
867845
867847
819892
819897
819898
819899
819900
819902
819903
819904
819905
819906
819907
819908
819909
819910
819911
815451
815452
815453
815454
815455
815456
815458
815459
815460
815461
815462
815463
815464
809382
809383
809384
809385
809386
809387
809388
809389
809391
809392
809393
809394
809395
809396
809397
803647
803648
803649
803650
803651
803652
803654
803655
803656
803657
803658
803659
803660
795590
795591
795592
795593
795594
795595
795596
795597
795598
795599
795600
795601
795602
795603
795604
790859
790860
790861
790862
790863
790864
790865
790866
790867
790905
790954
790957
790959
790964
790966
790967
790968
790969
790970
790971
790972
783124
783125
783126
783127
783128
783129
783130
783131
783132
783133
783134
783135
774879
774880
774881
774882
774883
774884
774885
774887
774888
774889
774890
774891
774892
774893
769276
769277
769278
769279
769280
769281
769283
769285
769286
769287
769288
769289
769290
762857
762858
762859
762860
762861
762862
762863
762864
762865
762866
762867
762868
762869
762870
762871
755444
755446
755447
755448
755449
755450
755451
755453
755454
755455
755456
755457
755458
755459
751493
751494
751495
751496
751497
751498
751500
751501
751502
751504
751505
751506
751507
751509
751510
747249
747250
747251
747252
747254
747255
747256
747257
747258
747259
747260
747261
739270
739274
739277
739304
739305
739306
739307
739308
739309
739310
739311
739312
739313
739314
739315
739316
739317
735873
735874
735875
735876
735877
735878
735879
735880
735881
735882
735884
735885
735886
735887
735888
735889
733471
733472
733473
733474
733475
733478
733479
733480
733481
733483
733484
733485
733486
733720
722136
722137
722138
722139
722140
722141
722143
722144
722146
722147
722148
722149
722150
722151
714614
714616
714618
714620
714623
714626
714628
714630
714631
714632
714633
714634
714635
714637
714638
714639
714640
707814
707815
707816
707817
707818
707819
707820
707821
707822
707823
707824
707829
707830
707831
707832
689627
689628
689629
689630
689631
689632
689633
689634
689636
689637
689638
689639
689640
689641
689642
685350
685352
685357
685369
685371
685373
685375
685376
685379
685381
685383
685385
667947
667956
667959
667987
667993
668249
668258
668263
668277
668279
668280
668281
668282
668285
668286
668287
668288
667408
667410
667411
667413
667414
667415
667416
667417
667418
667420
667423
667424
667425
663324
663326
663327
663328
663329
663330
663331
663332
663333
663334
648748
648750
648753
648755
648756
648758
648759
648761
648763
648768
648769
648772
648775
648777
648778
648780
649325
649326
649327
649328
649329
649330
649331
649332
649333
649334
649335
642831
642832
642833
642834
642835
642836
642837
642838
642839
642840
642841
642842
634759
634760
634761
634762
634763
634764
634765
634766
634767
634768
634769
623983
623984
623985
623986
623987
623988
623989
623990
623991
623992
623993
623994
623995
623996
623997
623998
623999
620523
620524
620525
620526
620527
620528
620529
620530
620531
620532
620533
620534
620535
621038
606023
606024
606027
606028
606031
606032
606033
606034
606035
606036
606037
606038
606039
606040
606041
606042
601739
601740
601741
601742
601743
601744
601745
601746
601747
601748
601750
601752
587707
587709
587710
587711
587712
587713
587714
587716
587717
587718
587719
587720
587721
587723
587724
587725
592094
592095
592096
592097
592099
592100
592101
592102
592103
592104
592105
592106
592107
592108
592109
592110
592111
570716
570717
570718
570719
570720
570721
570722
570723
570724
570725
570728
581300
581305
581306
581307
581308
581309
581310
581312
581313
581314
581315
565642
565645
565654
565655
565656
565657
565659
565661
565664
565667
565669
565671
565672
565675
565677
568185
568189
568192
568195
568198
568206
568209
568210
568211
568212
568213
568214
568215
556483
556484
556485
556486
556487
556488
556489
556490
556491
556492
556493
556494
556495
556496
544192
544193
544194
544195
544196
544197
544198
544199
544201
544202
544203
544204
544319
544321
544322
544323
544324
544325
544326
544327
544328
544330
544331
544332
544333
544334
544335
544336
536550
536551
536552
536553
536554
536555
536556
536557
536558
536559
536560
536561
536562
536563
536564
533916
533917
533918
533919
533920
533921
533922
533924
533925
533926
533927
533928
533929
533930
533931
533932
526884
526885
526886
526887
526889
526890
526891
526892
526893
526894
526895
526896
506810
506811
506812
506813
506814
506815
506816
506817
506818
506819
506820
506821
492967
492968
492969
492970
492971
492972
492973
492974
492975
492976
492977
492978
489709
489710
489711
489712
489713
489714
489715
489716
489717
486803
486804
486805
486806
486807
486808
486809
486810
486811
481240
481241
481242
481243
481244
481299
481300
481301
481302
481303
481304
482240
482241
482242
482243
482244
482247
482248
482249
482250
482251
482252
476917
476918
476919
476920
476921
476922
476923
476924
476925
476926
476927
476928
476929
