1093647
1093653
1093648
1093646
1093655
1093654
1093656
1093650
1093649
1093651
1093640
1093641
1093629
1093631
1093628
1093630
1093632
1093612
1093610
1093594
1093613
1093614
1093611
1093615
1093609
1093608
1093591
1093592
1093589
1093590
1093562
1093549
1093565
1093564
1093561
1093569
1093566
1093568
1093542
1093541
1093544
1093546
1093543
1093529
1093545
1093457
1093450
1093445
1093444
1093443
1093458
1093437
1093438
1093429
1093434
1093435
1093455
1093436
1093427
1093439
1093428
1093451
1093448
1093452
1092991
1093000
1092997
1092999
1092998
1092976
1092971
1092975
1092982
1092972
1092974
1092967
1092981
1092946
1092945
1092947
1092940
1092950
1093166
1093158
1093164
1093163
1093159
1093142
1093139
1093140
1093145
1093143
1093128
1093127
1093126
1093129
1093123
1093124
1093125
1093103
1093104
1093105
1093099
1093097
1093078
1093085
1093089
1093086
1093070
1093080
1093079
1093049
1093061
1093065
1093063
1093068
1093042
1093026
1093037
1093027
1093045
1093019
1093015
1093022
1093021
1093008
1093016
1093006
1092939
1092934
1092925
1092937
1092938
1092922
1092467
1092489
1092463
1092487
1092483
1092490
1092481
1092478
1092497
1092496
1092495
1092482
1092488
1092492
1092491
1092464
1092472
1092451
1092456
1092452
1092455
1092435
1092440
1092439
1092438
1092639
1092641
1092640
1092643
1092642
1092651
1092634
1092633
1092629
1092632
1092631
1092630
1092606
1092610
1092609
1092608
1092585
1092598
1092597
1092596
1092601
1092575
1092576
1092572
1092574
1092579
1092552
1092553
1092554
1092558
1092559
1092523
1092528
1092529
1092530
1092535
1092527
1092526
1092514
1092513
1092512
1092510
1092413
1092421
1092417
1092415
1092418
1092423
1092426
1092420
1092414
1091865
1091866
1091872
1091871
1091860
1091843
1091855
1091854
1091844
1091845
1091836
1091817
1091833
1091824
1091818
1091825
1092033
1092047
1092045
1092051
1092010
1092012
1092011
1092015
1092024
1092023
1092021
1092002
1092009
1092007
1091995
1091978
1091984
1091985
1091969
1091970
1091955
1091950
1091952
1091962
1091956
1091967
1091944
1091948
1091959
1091964
1091963
1091957
1091937
1091943
1091936
1091935
1091942
1091931
1091901
1091900
1091909
1091903
1091902
1091899
1091893
1091891
1091892
1091879
1091894
1091889
1091812
1091801
1091810
1091802
1091803
1091510
1091521
1091525
1091516
1091523
1091503
1091512
1091520
1091496
1091500
1091493
1091485
1091484
1091459
1091465
1091481
1091476
1091451
1091440
1091444
1091436
1091437
1091435
1091426
1091427
1091417
1091425
1091418
1091411
1091392
1091403
1091406
1091402
1091391
1091384
1091385
1091386
1091367
1091383
1091365
1091346
1091347
1091355
1091354
1091337
1091351
1091319
1091318
1091322
1091329
1091335
1091085
1091084
1091083
1091082
1091086
1091070
1091056
1091043
1091038
1091059
1091039
1091024
1091036
1091035
1091014
1091013
1091012
1090994
1090993
1090990
1090992
1090991
1090970
1090967
1090952
1090953
1090956
1090590
1090583
1090585
1090571
1090587
1090589
1090558
1090559
1090556
1090557
1090564
1090541
1090525
1090543
1090540
1090539
1090507
1090506
1090505
1090514
1090515
1090500
1090487
1090491
1090474
1090489
1090471
1090483
1090462
1090448
1090467
1090444
1090290
1090291
1090295
1090270
1090272
1090269
1090271
1090276
1090247
1090265
1090249
1090257
1090222
1090230
1090226
1090224
1090198
1090203
1090200
1090173
1090172
1090185
1090171
1090034
1090031
1090019
1090006
1090000
1089999
1089977
1089969
1089948
1089952
1089951
1089946
1089947
1089939
1089928
1089933
